   10REM Screen text file creation
   20REM program.
   30REM For badminton database.
   40REM By Fiona Bianchi.
   50REM For AS Computing project.
   60REM 24/1/91
   70REM Extra data to setup screen and
   80REM cursors added 10/2/91
   90REM frame added 12/2/91
  100REM block added 16/2/91
  110REM "F" and "L" added 24/3/91
  120*FX20,1
  130A%=OPENOUT"$.Program.FileText":BPUT#A%,22:BPUT#A%,4
  140RESTORE160:REPEAT:READD%:IFD%<256BPUT#A%,D%
  150UNTILD%>255:CLOSE#A%:END
  160DATA23,128,0,0,0,0,0,0,0,64,23,129,0,127,65,65,65,65,65,65,23,130,85,85,127,192,192,64,127,64,23,131,65,65,193,65,65,65,193,127:REM filing cabinet 
  170DATA23,132,31,16,16,23,16,21,16,23,23,133,248,8,8,104,8,168,8,168,23,134,16,22,16,21,16,22,16,31,23,135,8,200,8,104,8,200,8,248:REM page 
  180DATA23,136,127,64,94,64,87,64,91,64,23,137,240,16,208,16,80,16,208,16,23,138,86,64,255,128,128,128,128,255,23,139,208,16,252,5,7,7,5,252:REM printer
  190DATA23,140,0,0,0,0,255,128,191,128,23,141,0,0,0,0,255,1,245,1,23,142,159,128,143,128,135,128,255,0,23,143,249,1,241,1,225,1,255,0:REM keyboard
  200DATA23,144,0,0,63,32,35,34,18,18,23,145,0,0,252,4,132,68,72,72,23,146,19,18,10,10,11,8,7,0,23,147,136,72,80,80,144,16,224,0:REM bin
  210DATA23,148,0,0,0,15,16,16,16,16,23,149,0,0,0,240,8,8,8,8,23,150,16,16,16,16,15,0,0,0,23,151,8,8,40,24,248,4,2,0:REM q
  220DATA23,152,7,4,4,4,4,4,4,4,23,153,224,32,32,32,32,32,32,32,23,154,252,64,32,16,8,4,2,1,23,155,63,2,4,8,16,32,64,128:REM arrow (down)
  230DATA23,156,1,2,4,8,16,32,64,252,23,157,128,64,32,16,8,4,2,63,23,158,4,4,4,4,4,4,4,7,23,159,32,32,32,32,32,32,32,224:REM arrow (up)
  240DATA23,160,1,2,4,8,16,32,64,128,23,161,128,64,32,16,8,4,2,1:REM rewind and fast forward
  250DATA31,3,29,128,129,32,132,133,32,136,137,32,140,141,32,144,145,32,148,149,32,152,153,32,156,157,32,160,160,32,161,161,31,3,30,130,131,32,134,135,32,138,139,32,142,143,32,146,147,32,150,151,32,154,155,32,158,159,32,161,161,32,160,160
  260REM plot characters on screen
  270DATA23,162,255,240,248,252,190,159,142,132,23,163,255,129,129,129,129,129,129,255,23,164,24,24,24,255,255,24,24,24,23,165,16,48,95,129,129,95,48,16,23,1,0,0,0,0,0,0,0,0,0,31,33,30,70,31,36,30,76,5
  280REM "F" and "L" added 24/3/91
  290REM Re-define 162,163,164,165 as
  300REM pointers, disable cursor and
  310REM combine graphics and text 
  320REM cursors (VDU 5).  DOES NOT set
  330REM GCOL3,1 (EOR).
  340DATA 23,166,0,0,63,32,32,39,36,36,23,167,0,0,255,0,0,255,0,0,23,168,0,0,252,4,4,228,36,36,23,169,36,36,36,36,36,36,36,36,23,170,36,36,39,32,32,63,0,0,23,171,36,36,228,4,4,252,0,0
  350REM Re-define 166 to 171 as frame
  360REM for windows
  370DATA 23,172,255,255,255,255,255,255,255,255
  380REM define 172 as solid block
  390REM for highlighting text
  400DATA 23,128,3,35,112,168,112,32,80,136,23,129,3,35,115,171,112,32,80,136,23,130,3,35,115,171,115,35,80,136,23,131,3,35,115,171,115,35,83,139,23,132,24,60,126,219,126,36,66,129,256
  410REM define court characters
  420REM added 20/2/91
